1.

fs =

       16000


delkaveVzorcich =

       32000


delkavs =

     2


pocetSymbolu =

        2000

2.

vypocetSpravne =

  logical

   1

3.
Filtr je stabilnÌ.
4.
DolnÌ propusù, meznÌ frekvence je 500Hz (vizu·lnÌ anal˝za)
5.
6.
7.

pocetChyb =

    86


chybovost =

    0.0430

8.
9.

musibyt1 =

    1.0000

10.
11.
R[0] = 0.270938, R[1]= 0.234713, R[16]= 0.003663
12. a 13.
hist2: check -- 2d integral should be 1 and is 1
14.
N·vrat hist2opt = 0.234753, R[1] = 0.234713, Jejich rozdÌl je 0.000040